0.000000 0.000466
9.402450 0.001308
18.804899 0.002470
28.207349 0.002755
37.609798 0.004052
47.012248 0.004110
56.414698 0.004467
65.817147 0.005707
75.219597 0.005328
84.622046 0.006145
94.024496 0.005709
103.426946 0.005654
112.829395 0.006079
122.231845 0.005203
131.634295 0.005726
141.036744 0.004852
150.439194 0.004509
159.841643 0.004514
169.244093 0.003778
178.646543 0.003754
188.048992 0.002946
197.451442 0.002618
206.853891 0.002582
216.256341 0.001968
225.658791 0.001851
235.061240 0.001355
244.463690 0.001312
253.866139 0.001081
263.268589 0.000744
272.671039 0.000774
282.073488 0.000568
291.475938 0.000442
300.878387 0.000387
310.280837 0.000268
319.683287 0.000240
329.085736 0.000179
338.488186 0.000100
347.890635 0.000091
357.293085 0.000051
366.695535 0.000064
376.097984 0.000038
385.500434 0.000019
394.902884 0.000019
404.305333 0.000023
413.707783 0.000011
423.110232 0.000006
432.512682 0.000011
441.915132 0.000006
451.317581 0.000004
460.720031 0.000009
