0.698301 2.923290
0.800925 0.000000
0.903549 0.000000
1.006174 0.000000
1.108798 0.000000
1.211422 0.000000
1.314046 0.000000
1.416670 0.000000
1.519294 0.000000
1.621918 3.897720
1.724542 0.000000
1.827166 0.000000
1.929790 0.000000
2.032415 0.000000
2.135039 0.000000
2.237663 0.000000
2.340287 0.000000
2.442911 0.000000
2.545535 0.000000
2.648159 0.974430
2.750783 0.000000
2.853407 0.000000
2.956032 0.000000
3.058656 0.000000
3.161280 0.000000
3.263904 0.000000
3.366528 0.000000
3.469152 0.000000
3.571776 0.000000
3.674400 0.974430
3.777024 0.000000
3.879648 0.000000
3.982273 0.000000
4.084897 0.000000
4.187521 0.000000
4.290145 0.000000
4.392769 0.000000
4.495393 0.000000
4.598017 0.487215
4.700641 0.000000
4.803265 0.000000
4.905890 0.000000
5.008514 0.000000
5.111138 0.000000
5.213762 0.000000
5.316386 0.000000
5.419010 0.000000
5.521634 0.000000
5.624258 0.487215
5.726882 0.000000
